listIso <- list(
  C = c(98.93, 1.07)/100,
  H = c(99.9885, 0.0115)/100,
  N = c(99.632, 0.368)/100,
  O = c(99.757, 0.038, 0.205)/100,
  S = c(94.93, 0.76, 4.29, 0, 0.02)/100
)

listMass <- list(
  C = c(12.0000000000, 13.0033548378),
  H = c(1.0078250321, 2.0141017780),
  N = c(14.00307400522, 15.0001088984),
  O = c(15.9949146, 16.9991312, 17.9991603),
  S = c(31.97207070, 32.97145843, 33.96786665, 0, 35.96708062)
)

