listIso <- list(
  C = c(98.93, 1.07)/100,
  H = c(99.9885, 0.0115)/100,
  N = c(99.632, 0.368)/100,
  O = c(99.757, 0.038, 0.205)/100,
  S = c(94.93, 0.76, 4.29, 0, 0.02)/100,
  F = c(1),
  Br = c(50.69, 0, 49.31)/100,
  P = c(1),
  Cl = c(75.77, 0, 24.23)/100,
  Na = c(1),
  I = c(1)
)

listMass <- list(
  C = c(12.0000000000, 13.0033548378),
  H = c(1.0078250321, 2.0141017780),
  N = c(14.00307400522, 15.0001088984),
  O = c(15.9949146, 16.9991312, 17.9991603),
  S = c(31.97207070, 32.97145843, 33.96786665, 0, 35.96708062),
  F = c(18.9984),
  Br = c(78.9183371, 0, 80.9162906),
  P = c(30.973761),
  Cl = c(34.96885268, 0, 36.96590259),
  Na = c(22.9897692809),
  I = c(126.904473)
)







#listIso <- list(
#  C = c(98.93, 1.07)/100,
#  H = c(99.9885, 0.0115)/100,
#  N = c(99.632, 0.368)/100,
#  O = c(99.757, 0.038, 0.205)/100,
#  S = c(94.93, 0.76, 4.29, 0, 0.02)/100
#)

#listMass <- list( #IUPAC
#  C = c(12.0000000000, 13.0033548378),
#  H = c(1.0078250321, 2.0141017780),
#  N = c(14.00307400522, 15.0001088984),
#  O = c(15.9949146, 16.9991312, 17.9991603),
#  S = c(31.97207070, 32.97145843, 33.96786665, 0, 35.96708062)
#)

# listMass <- list( #test
#   C = c(12.0000000000, 13.0034),
#   H = c(1.007, 2.013),
#   N = c(14.00307400522, 15.0001088984),
#   O = c(15.9949146, 16.9991312, 17.9991604),
#   S = c(31.97207069, 32.97145850, 33.96786683, 0, 35.96708088)
# )
# 
# 
# listIso <- list(#test
#   C = c(98.93111, 1.07899)/100,
#   H = c(99.9885, 0.0115)/100,
#   N = c(99.632, 0.368)/100,
#   O = c(99.757, 0.038, 0.205)/100,
#   S = c(94.93, 0.76, 4.29, 0, 0.02)/100
# )
